A = 0.05421402018905371
b = 0.0026286035392553047
W = 6.068696845183388
W0 = 6.068697414461803
Fator de qualidade  = 184.31535476381808